#Cluster Cluster2     RA        DEC       l       b       Rsun  ERsun    R_GC   <RV>   ERV    mualpha EMA    mu_delta EMD  rhopmrade   X      DX      Y      DY      Z      DZ        U      DU        V       DV         W      DW   RPERI  EEE   RAPO
NGC 104           6.023625 -72.081276 305.895 -44.889    4.43   0.04    7.44  -17.45  0.16     5.25   0.01    -2.53   0.01   0.04    6.26   0.02   -2.54   0.02   -3.13   0.03    76.03    0.25    173.09    0.24     45.06    0.22    5.47  0.01     7.44   0.01
NGC 288          13.188500 -26.582611 151.285 -89.380    9.00   0.33   12.17  -44.45  0.13     4.21   0.01    -5.65   0.01   0.30    8.19   0.00    0.05   0.00   -9.00   0.33     7.60    0.41    -47.97    0.39     50.32    0.13    2.01  0.35    12.26   0.23
NGC 362          15.809416 -70.848778 301.533 -46.247    9.17   0.26    9.80  223.12  0.28     6.71   0.01    -2.51   0.01  -0.09    4.78   0.09   -5.41   0.15   -6.62   0.19   101.72    0.54   -106.52    0.48    -65.38    0.43    1.02  0.19    12.41   0.36
Whiting 1        30.737499  -3.252777 161.618 -60.636   31.30   0.00   35.79 -130.41  1.79    -0.04   0.12    -1.78   0.08  -0.09   22.67   1.46    4.84   0.48  -27.28   2.73  -210.54   14.19     36.01   14.68     12.03    7.17   18.89  4.09    55.48   8.54
NGC 1261         48.067543 -55.216224 270.539 -52.124   17.20   0.00   18.97   71.36  0.24     1.61   0.02    -2.04   0.02   0.19    8.00   0.01  -10.56   1.06  -13.58   1.36   -79.88    1.48     50.55    1.18     74.22    0.93    1.84  0.66    21.79   1.80
Pal 1            53.333499  79.581054 130.065  19.028   11.00   0.00   17.18  -75.72  0.29    -0.17   0.05     0.03   0.06   0.02   14.79   0.67    7.96   0.80    3.59   0.36   -62.46    2.34    203.62    1.77    -21.24    2.78   14.23  0.85    18.80   1.47
AM 1             58.759586 -49.615276 258.361 -48.471  123.30   0.00  124.64  118.00 14.14     0.02   0.20    -0.25   0.28  -0.13   24.59   1.65  -80.07   8.01  -92.30   9.23  -121.61  157.67    112.49  101.39    -48.89   82.12  100.80 36.72   284.76 167.50
Eridanus 1       66.185417 -21.186943 218.106 -41.332   90.10   0.00   95.11  -23.79  1.07     0.40   0.11    -0.12   0.12  -0.35   61.34   5.32  -41.75   4.18  -59.50   5.95   -12.44   40.43    124.48   42.60    131.71   34.22   36.43 23.76   139.21  20.92
Pal 2            71.524620  31.381500 170.530  -9.072   27.20   0.00   35.14 -135.97  1.55     1.38   0.10    -1.62   0.06   0.08   34.59   2.65    4.42   0.44   -4.29   0.43   -97.83    3.16    -40.35    9.40     32.31   10.47    2.44  2.24    39.68   3.10
NGC 1851         78.528160 -40.046555 244.513 -35.036   11.33   0.19   16.08  321.40  1.55     2.12   0.01    -0.63   0.01   0.18   12.09   0.07   -8.37   0.14   -6.50   0.11    84.44    0.88    -62.40    1.25    -88.88    1.06    0.85  0.04    19.20   0.19
NGC 1904         81.044168 -24.524481 227.229 -29.352   13.27   0.00   19.21  205.76  0.21     2.47   0.01    -1.59   0.02   0.01   15.95   0.79   -8.49   0.85   -6.50   0.65    43.13    0.78    -18.95    0.73      6.97    0.80    0.82  0.37    19.51   1.20
NGC 2298        102.247543 -36.005306 245.629 -16.006   10.80   0.00   15.86  147.15  0.57     3.28   0.02    -2.20   0.02   0.08   12.38   0.43   -9.46   0.95   -2.98   0.30   -92.51    0.95     25.88    0.69     75.25    0.98    1.79  1.05    17.53   1.67
NGC 2419        114.535286  38.882442 180.369  25.242   83.18   0.00   90.57  -21.10  0.31    -0.02   0.02    -0.56   0.02   0.13   83.34   7.52   -0.48   0.05   35.47   3.55    -3.15    3.96     39.65    6.48    -62.00    8.35   15.89  3.36    92.20   9.04
Pyxis 1         136.990833 -37.221388 261.319   6.997   39.40   0.00   41.40   40.46  0.21     1.13   0.04     0.13   0.05   0.13   14.00   0.59  -38.66   3.87    4.80   0.48  -129.85    7.52    214.88    1.64    184.46    7.45   26.89 10.25   129.94  32.28
NGC 2808        138.012909 -64.863495 282.193 -11.253   10.21   0.12   11.64  103.57  0.27     1.02   0.01     0.28   0.01  -0.11    5.99   0.02   -9.79   0.12   -1.99   0.02   -57.07    0.38    149.16    0.28     31.71    0.38    0.97  0.02    14.76   0.13
E 3             140.237793 -77.281890 292.268 -19.017    8.09   0.00    9.17    4.93  0.42    -2.69   0.02     7.08   0.02  -0.16    5.20   0.29   -7.08   0.71   -2.64   0.26   225.67    0.85    113.99    0.57    102.99    0.86    9.15  0.43    13.50   2.77
Pal 3           151.382916   0.071666 240.141  41.865   92.50   0.00   95.80   94.04  0.80     0.08   0.13    -0.12   0.14  -0.51   42.40   3.43  -59.74   5.97   61.73   6.17   -30.72   53.46    156.24   47.86     66.15   43.21   62.28 24.02   119.71  23.04
NGC 3201        154.403427 -46.412476 277.229   8.640    4.60   0.16    8.80  493.65  0.21     8.35   0.01    -1.99   0.01   0.26    7.53   0.02   -4.51   0.16    0.69   0.02  -245.03    0.14   -200.07    0.21    146.52    0.14    8.20  0.08    24.15   1.22
Pal 4           172.320000  28.973583 202.311  71.803  103.00   0.00  105.63   72.40  0.24    -0.21   0.07    -0.39   0.14  -0.64   37.86   2.98  -12.21   1.22   97.85   9.78    25.34   41.76     29.56   66.17     44.59   11.23   24.91 21.26   112.02  11.88
Crater 1        174.067500 -10.877444 274.808  47.847  145.00   0.00  144.77  148.30  0.93    -0.00   0.28    -0.13   0.18  -0.19   -0.06   0.82  -96.97   9.70  107.50  10.75   -61.43  180.14     93.89  108.24     60.63   92.40  106.50 49.03   282.89 167.35
NGC 4147        182.526260  18.542638 252.848  77.189   18.20   0.00   20.40  179.35  0.31    -1.71   0.02    -2.10   0.01  -0.26    9.29   0.12   -3.86   0.39   17.75   1.77    40.96    1.47    -10.04    1.23    130.70    0.43    1.80  0.63    24.75   2.23
NGC 4372        186.439178 -72.659004 300.993  -9.884    5.76   0.28    7.17   75.59  0.30    -6.38   0.01     3.33   0.01   0.08    5.18   0.14   -4.86   0.24   -0.99   0.05   100.56    0.22     83.69    0.27     66.17    0.18    2.93  0.12     7.19   0.06
Rup 106         189.667500 -51.150277 300.888  11.671   21.20   0.00   18.50  -38.36  0.26    -1.25   0.01     0.39   0.01   0.67   -2.56   1.07  -17.82   1.78    4.29   0.43   121.31    0.88    224.58    0.58     31.77    0.69    4.75  0.66    35.55   3.82
NGC 4590        189.866577 -26.744057 299.626  36.051   10.13   0.81   10.13  -93.11  0.18    -2.75   0.01     1.78   0.01  -0.45    4.05   0.32   -7.12   0.57    5.96   0.48   167.77    0.39    289.72    0.32     15.26    0.34    8.86  0.42    29.19   2.80
BH 140          193.472915 -67.177276 303.171  -4.307    5.00   0.00    6.81   90.30  0.35   -14.83   0.01     1.24   0.01   0.18    5.37   0.27   -4.17   0.42   -0.38   0.04   232.28    0.26    -17.36    0.31     33.08    0.18    2.16  0.29    10.59   1.73
NGC 4833        194.891342 -70.876503 303.604  -8.015    6.56   0.36    7.10  201.99  0.40    -8.35   0.01    -0.98   0.01   0.18    4.50   0.20   -5.41   0.30   -0.91   0.05    96.90    0.32    -55.96    0.37    -42.93    0.28    0.90  0.13     7.68   0.32
NGC 5024        198.230209  18.168165 332.963  79.764   17.90   0.00   18.44  -63.37  0.25    -0.11   0.01    -1.35   0.01  -0.45    5.27   0.28   -1.45   0.14   17.62   1.76   -57.97    0.80    158.56    0.78    -72.37    0.28    9.11  0.18    22.21   1.83
NGC 5053        199.112875  17.700250 335.699  78.946   17.20   0.00   17.69   42.82  0.25    -0.37   0.01    -1.25   0.01   0.35    5.09   0.30   -1.36   0.14   16.88   1.69   -51.73    0.97    149.02    0.90     35.35    0.30   10.33  0.12    17.74   1.61
NGC 5139        201.696838 -47.479584 309.102  14.968    5.24   0.07    6.43  232.78  0.21    -3.25   0.01    -6.73   0.01   0.47    4.91   0.04   -3.93   0.05    1.35   0.02   -97.62    0.32    -18.53    0.29    -81.53    0.36    1.33  0.05     6.99   0.04
NGC 5272        205.548416  28.377277  42.217  78.707    9.59   0.41   11.62 -147.20  0.27    -0.14   0.01    -2.64   0.01  -0.05    6.71   0.06    1.26   0.05    9.40   0.40   -60.48    0.44    135.50    0.43   -134.49    0.28    5.44  0.09    15.16   0.41
NGC 5286        206.611710 -51.374249 311.614  10.568   11.45   0.73    8.70   62.38  0.40     0.20   0.02    -0.16   0.02  -0.05    0.62   0.48   -8.42   0.54    2.10   0.13   -59.76    0.73    210.83    0.68      8.22    0.86    1.17  0.25    13.32   0.86
AM 4            209.090423 -27.167499 320.284  33.507   32.20   0.00   27.71  151.19  2.85    -1.07   0.86    -3.93   0.92  -0.29  -12.55   2.07  -17.16   1.72   17.78   1.78  -116.92  102.02   -270.55  115.99   -346.38  116.73   31.40  2.50   356.11 185.72
NGC 5466        211.363708  28.534445  42.150  73.592   16.00   0.00   16.35  106.82  0.20    -5.41   0.01    -0.79   0.01   0.12    4.75   0.34    3.03   0.30   15.35   1.53   221.05    0.56    -33.44    0.56    225.74    0.25    6.80  2.12    53.55  15.31
NGC 5634        217.405125  -5.976416 342.209  49.260   27.20   0.00   23.06  -16.07  0.60    -1.67   0.02    -1.56   0.02   0.08   -8.80   1.69   -5.42   0.54   20.61   2.06    56.43    2.30    -31.56    2.75    -33.26    1.87    3.97  1.73    23.76   2.38
NGC 5694        219.901199 -26.538944 331.055  30.360   37.33   0.00   31.66 -139.55  0.49    -0.43   0.03    -1.09   0.03  -0.43  -20.09   2.82  -15.59   1.56   18.87   1.89   110.39    3.10    139.63    4.18   -180.40    3.94    3.90  0.92    65.74   8.27
IC 4499         225.076875 -82.213694 307.354 -20.473   18.20   0.00   15.14   38.41  0.31     0.47   0.01    -0.49   0.01   0.12   -2.25   1.03  -13.55   1.36   -6.37   0.64   -31.56    0.81    247.58    0.67    -59.38    0.91    6.62  1.47    28.37   4.11
NGC 5824        225.994293 -33.068222 332.555  22.070   30.90   0.00   24.67  -25.24  0.52    -1.20   0.02    -2.23   0.02   0.08  -17.31   2.54  -13.20   1.32   11.61   1.16    96.02    1.96    -54.78    2.83   -174.47    2.77   12.48  4.89    33.72   7.77
Pal 5           229.021875  -0.111611   0.852  45.860   21.60   0.00   16.99  -58.61  0.15    -2.73   0.03    -2.71   0.03   0.36   -6.94   1.50    0.22   0.02   15.50   1.55    44.46    2.18   -141.35    3.03    -14.83    2.11    6.52  5.94    16.03   4.79
NGC 5897        229.352083 -21.010277 342.946  30.294   12.60   1.08    7.47  101.31  0.22    -5.41   0.01    -3.46   0.01  -0.20   -2.30   0.89   -3.19   0.27    6.36   0.54    34.13    0.48   -133.63    0.73     88.40    0.66    2.66  1.16     9.07   1.61
NGC 5904        229.638412   2.081028   3.859  46.796    7.57   0.13    6.26   53.50  0.25     4.06   0.01    -9.89   0.01  -0.13    2.93   0.09    0.35   0.01    5.52   0.09  -304.62    0.34     86.81    0.41   -183.94    0.33    2.89  0.07    24.03   1.31
NGC 5927        232.002869 -50.673031 326.604   4.860    9.08   0.27    5.07 -104.09  0.28    -5.06   0.02    -3.24   0.02   0.28    0.55   0.22   -4.98   0.15    0.77   0.02   218.35    0.59     93.79    0.83      5.84    0.96    4.07  0.06     6.08   0.20
NGC 5946        233.868835 -50.659668 327.583   4.191   10.60   0.00    5.78  137.60  0.94    -5.34   0.03    -1.61   0.03   0.29   -0.82   0.89   -5.67   0.57    0.77   0.08    20.71    1.19    -41.33    1.45    108.82    1.57    0.91  0.55     5.92   0.94
NGC 5986        236.512496 -37.786415 337.022  13.268   10.56   0.64    4.88  101.18  0.43    -4.17   0.02    -4.61   0.02  -0.31   -1.36   0.57   -4.01   0.24    2.42   0.15     8.31    0.53    -73.46    0.74    -15.31    0.77    0.70  0.30     5.08   0.46
FSR 1716        242.625000 -53.748888 329.778  -1.593    7.50   0.00    4.11  -30.70  0.98    -4.49   0.04    -8.62   0.04  -0.24    1.62   0.65   -3.77   0.38   -0.21   0.02   182.00    1.11    -11.84    1.33   -108.33    1.42    2.48  0.43     4.89   0.47
Pal 14          242.752500  14.957777  28.746  42.192   71.00   0.00   66.03   72.30  0.14    -0.49   0.06    -0.46   0.05   0.43  -38.02   4.61   25.30   2.53   47.68   4.77  -103.40   12.93     67.17   16.36    123.82   13.66    4.00  3.26    94.99  11.03
Lynga 7         242.765213 -55.317775 328.769  -2.797    8.00   0.00    4.35   17.86  0.83    -3.80   0.02    -7.06   0.02  -0.27    1.27   0.68   -4.14   0.41   -0.39   0.04   127.01    0.78     -0.77    0.67    -90.98    0.61    1.91  0.37     4.56   0.33
NGC 6093        244.260040 -22.976084 352.673  19.463    8.86   0.55    3.14   10.93  0.39    -2.93   0.03    -5.59   0.03  -0.12   -0.19   0.51   -1.07   0.07    2.95   0.18   -10.99    0.55     -6.16    1.14    -52.89    1.09    0.36  0.11     3.53   0.23
NGC 6121        245.896744 -26.525749 350.973  15.972    1.93   0.04    6.30   71.21  0.15   -12.48   0.01   -18.99   0.01   0.12    6.27   0.04   -0.29   0.01    0.53   0.01   -55.32    0.15     37.28    0.10     -4.37    0.11    0.62  0.09     6.20   0.10
NGC 6101        246.450485 -72.202194 317.746 -15.825   12.80   0.00    9.04  366.33  0.32     1.76   0.01    -0.21   0.01   0.08   -1.02   0.91   -8.28   0.83   -3.49   0.35  -295.65    0.35     76.97    0.35   -177.25    0.36    9.02  0.92    28.12   5.69
NGC 6144        246.807769 -26.023500 351.929  15.701    8.90   0.00    2.72  194.79  0.58    -1.75   0.02    -2.62   0.02  -0.03   -0.38   0.85   -1.20   0.12    2.41   0.24  -183.15    0.62     94.75    0.82     42.41    0.84    2.20  0.32     3.36   0.53
NGC 6139        246.918212 -38.848747 342.366   6.939    9.80   0.83    3.39   24.41  0.95    -6.16   0.03    -2.67   0.02   0.06   -1.17   0.79   -2.95   0.25    1.18   0.10    66.80    0.98    -24.01    1.17    131.70    1.19    1.37  0.43     3.58   0.54
Ter 3           247.167000 -35.353472 345.076   9.187    8.10   0.00    2.46 -135.76  0.57    -5.58   0.04    -1.69   0.03   0.12    0.37   0.77   -2.06   0.21    1.29   0.13   185.55    0.69    104.61    1.29     96.75    1.33    2.27  0.12     3.28   0.45
NGC 6171        248.132751 -13.053778   3.373  23.011    5.70   0.31    3.64  -34.71  0.18    -1.93   0.01    -5.98   0.01   0.06    2.86   0.28    0.31   0.02    2.23   0.12   -10.74    0.20     91.91    0.30    -58.48    0.29    1.16  0.17     3.74   0.12
ESO 452-SC11    249.854166 -28.399166 351.909  12.098    6.50   0.00    2.43   16.75  0.44    -1.54   0.04    -6.41   0.03  -0.12    1.81   0.63   -0.89   0.09    1.36   0.14   -20.71    0.51     67.43    1.00    -78.56    1.02    0.54  0.24     2.76   0.43
NGC 6205        250.421814  36.459862  59.007  40.913    6.77   0.28    8.29 -244.90  0.30    -3.18   0.01    -2.56   0.01   0.30    5.47   0.11    4.39   0.18    4.43   0.18    35.79    0.34     -5.99    0.32    -83.40    0.32    1.56  0.03     8.32   0.15
NGC 6229        251.744958  47.527750  73.639  40.307   30.62   0.00   29.94 -137.89  0.71    -1.19   0.05    -0.46   0.06   0.16    1.52   0.66   22.41   2.24   19.81   1.98    -7.06    7.97     26.08    5.44     51.25    6.02    2.05  1.32    30.94   3.43
NGC 6218        251.809067  -1.948528  15.715  26.313    4.67   0.21    4.71  -41.67  0.14    -0.15   0.01    -6.77   0.01   0.48    4.07   0.18    1.13   0.05    2.07   0.09   -42.54    0.17    126.88    0.23    -79.29    0.22    2.37  0.10     4.80   0.08
FSR 1735        253.044174 -47.058055 339.188  -1.853    9.80   0.00    3.65  -69.85  4.88    -4.40   0.18    -0.49   0.15  -0.16   -1.06   0.92   -3.48   0.35   -0.32   0.03   102.19    5.27    137.64    7.39    152.65    7.96    0.87  0.24     5.33   0.86
NGC 6235        253.355458 -22.177444 358.918  13.518   13.52   0.00    5.96  126.68  0.33    -3.96   0.04    -7.61   0.04   0.28   -5.04   1.31   -0.25   0.02    3.16   0.32  -145.64    0.74   -292.77    2.80    -53.16    2.75    5.31  1.20    18.22  11.82
NGC 6254        254.287720  -4.100306  15.137  23.076    4.96   0.13    4.34   74.21  0.23    -4.72   0.01    -6.54   0.01   0.28    3.70   0.12    1.19   0.03    1.94   0.05  -121.47    0.24     86.09    0.29     48.34    0.29    1.98  0.04     4.59   0.07
NGC 6256        254.885916 -37.121388 347.792   3.307    6.40   0.00    2.32  -99.75  0.66    -3.63   0.08    -1.49   0.07   0.05    1.86   0.62   -1.35   0.14    0.37   0.04   111.43    0.83    172.91    2.31     60.27    2.40    2.03  0.53     2.52   0.43
Pal 15          254.962500  -0.538888  18.849  24.337   45.10   0.00   38.34   72.27  1.74    -0.64   0.06    -0.81   0.04   0.10  -30.79   3.89   13.28   1.33   18.59   1.86  -131.74    5.04     63.47    9.98     65.02   10.33    1.96  0.97    50.78   6.24
NGC 6266        255.303329 -30.113722 353.574   7.318    6.41   0.12    2.09  -73.98  0.67    -4.99   0.02    -2.95   0.02   0.22    1.79   0.12   -0.71   0.01    0.82   0.02    88.46    0.66     99.46    0.55     63.66    0.56    0.83  0.07     2.36   0.09
NGC 6273        255.657486 -26.267971 356.869   9.382    8.27   0.41    1.42  145.54  0.59    -3.23   0.01     1.66   0.01   0.22   -0.05   0.40   -0.45   0.02    1.35   0.07  -130.35    0.58    222.32    0.52    169.51    0.53    1.22  0.13     3.34   0.28
NGC 6284        256.118791 -24.764861 358.346   9.940   15.14   1.35    7.30   28.62  0.73    -3.21   0.02    -2.00   0.02   0.23   -6.81   1.33   -0.43   0.04    2.61   0.23   -14.57    0.76      0.51    1.22    111.78    1.28    1.44  0.56     7.70   1.42
NGC 6287        256.288051 -22.708361   0.131  11.024    9.40   0.00    2.12 -294.74  1.65    -4.99   0.02    -1.89   0.01  -0.00   -1.13   0.92    0.02   0.00    1.80   0.18   302.80    1.63     53.13    0.69     79.51    0.79    1.24  0.21     5.67   1.33
NGC 6293        257.542500 -26.582083 357.620   7.834    8.70   0.70    1.34 -143.66  0.39     0.88   0.02    -4.31   0.02   0.19   -0.51   0.69   -0.36   0.03    1.19   0.10   118.07    0.41    134.29    0.80   -144.28    0.80    0.54  0.23     2.30   0.70
NGC 6304        258.634399 -29.462028 355.826   5.376    5.77   0.39    2.47 -108.62  0.39    -4.04   0.02    -1.03   0.02   0.22    2.37   0.39   -0.42   0.03    0.54   0.04   109.97    0.39    173.91    0.54     70.45    0.55    1.77  0.25     3.05   0.44
NGC 6316        259.155416 -28.140111 357.175   5.764   11.60   0.00    3.66   99.65  0.84    -4.97   0.04    -4.60   0.04   0.14   -3.43   1.15   -0.57   0.06    1.17   0.12   -84.30    0.88   -115.67    2.26     95.60    2.31    1.36  0.81     4.61   1.46
NGC 6341        259.280762  43.135944  68.338  34.859    8.44   0.31    9.77 -120.55  0.27    -4.93   0.02    -0.57   0.02   0.18    5.54   0.09    6.44   0.24    4.82   0.18    25.31    0.61     41.10    0.46     97.35    0.54    1.00  0.09    10.57   0.22
NGC 6325        259.496708 -23.766000   0.973   8.004    7.80   0.00    1.16   29.54  0.58    -8.46   0.04    -9.02   0.04   0.16    0.38   0.77    0.13   0.01    1.09   0.11   -38.34    0.61   -199.30    1.35     80.22    1.38    1.08  0.24     1.94   1.09
NGC 6333        259.796936 -18.515943   5.544  10.707    8.40   0.00    1.76  310.75  2.12    -2.21   0.01    -3.21   0.01   0.28   -0.12   0.82    0.80   0.08    1.56   0.16  -329.47    2.07    127.37    0.52     67.73    0.63    1.14  0.16     6.79   0.83
NGC 6342        260.292000 -19.587416   4.899   9.725    8.43   0.00    1.60  115.75  0.90    -2.94   0.02    -7.08   0.02   0.10   -0.18   0.83    0.71   0.07    1.42   0.14  -160.24    0.89    -36.91    0.76    -30.48    0.80    1.03  0.33     1.83   0.35
NGC 6356        260.895541 -17.813027   6.724  10.220   15.10   0.00    7.38   48.18  1.82    -3.78   0.04    -3.34   0.03   0.27   -6.66   1.48    1.74   0.17    2.68   0.27   -81.90    1.82    -90.07    2.27    111.11    2.39    3.20  1.67     8.59   1.93
NGC 6355        260.994125 -26.353417 359.585   5.428    8.70   0.00    1.00 -195.85  0.55    -4.61   0.03    -0.50   0.02   0.30   -0.56   0.87   -0.06   0.01    0.82   0.08   198.60    0.55    130.29    0.98    134.33    1.05    0.84  0.29     2.16   1.10
NGC 6352        261.371276 -48.422168 341.421  -7.166    5.30   0.00    3.60 -125.63  1.01    -2.15   0.01    -4.38   0.01   0.15    3.12   0.50   -1.68   0.17   -0.66   0.07   147.63    0.95    177.29    0.46      7.57    0.38    3.18  0.16     4.12   0.53
IC 1257         261.785430  -7.093055  16.528  15.145   25.00   0.00   17.77 -137.97  2.04    -0.92   0.08    -1.39   0.07   0.12  -15.03   2.31    6.86   0.69    6.53   0.65    62.95    3.52     24.55    8.03    -19.26    8.66    1.97  0.68    17.93   2.41
Ter 2           261.887916 -30.802333 356.319   2.298    7.50   0.00    0.84  133.46  0.69    -2.20   0.10    -6.21   0.09   0.24    0.62   0.75   -0.48   0.05    0.30   0.03  -131.89    0.73     16.84    3.29    -44.83    3.49    0.19  0.06     1.12   0.42
NGC 6366        261.934356  -5.079861  18.409  16.036    3.79   0.20    4.90 -120.65  0.19    -0.37   0.01    -5.18   0.01   0.19    4.64   0.18    1.15   0.06    1.05   0.06    61.69    0.20    139.57    0.24    -65.42    0.25    1.97  0.12     5.31   0.19
Ter 4           262.662506 -31.595527 356.024   1.308    6.70   0.00    1.50  -48.96  1.57    -5.36   0.07    -3.35   0.06   0.07    1.42   0.67   -0.46   0.05    0.15   0.02    52.28    1.57     73.82    2.03     89.80    2.19    0.49  0.26     1.62   0.63
HP 1            262.771666 -29.981666 357.425   2.115    6.80   0.00    1.37   39.76  1.22     2.54   0.06   -10.15   0.06   0.17    1.31   0.68   -0.31   0.03    0.25   0.03   -49.65    1.22     21.50    1.87   -238.82    1.91    0.52  0.24     1.93   0.63
FSR 1758        262.800000 -39.808000 349.217  -3.292   10.00   0.00    2.59  227.31  0.59    -2.84   0.02     2.51   0.02   0.14   -1.71   0.98   -1.87   0.19   -0.57   0.06  -248.96    0.60    233.63    0.99    171.61    1.04    2.60  0.81     8.92   2.96
NGC 6362        262.979095 -67.048332 325.555 -17.570    7.36   0.29    5.10  -14.58  0.18    -5.49   0.01    -4.76   0.01  -0.04    2.31   0.23   -3.97   0.16   -2.22   0.09   112.74    0.28     49.02    0.34     96.02    0.37    2.54  0.10     5.16   0.06
Lil 1           263.352333 -33.389555 354.840  -0.161    8.10   0.00    0.73   60.36  2.44    -5.03   0.40    -7.56   0.29   0.54    0.03   0.81   -0.73   0.07   -0.02   0.00   -39.87    2.68   -100.48   12.44     10.92   14.17    0.16  0.15     1.10   0.37
NGC 6380        263.616700 -39.069200 350.181  -3.420    9.80   0.00    2.34   -1.48  0.73    -2.14   0.05    -3.16   0.04   0.09   -1.54   0.96   -1.67   0.17   -0.58   0.06    20.30    0.80     77.80    2.00     12.02    2.15    0.36  0.09     2.53   0.66
Ter 1           263.946300 -30.481000 357.558   0.992    6.70   0.00    1.44   57.55  1.61    -2.94   0.06    -4.62   0.05   0.22    1.41   0.67   -0.29   0.03    0.12   0.01   -61.19    1.60     75.94    1.67      7.56    1.76    0.24  0.20     1.48   0.67
Ton 2           264.043750 -38.553333 350.796  -3.423    6.40   0.00    2.10 -184.72  1.12    -5.66   0.13    -0.50   0.11   0.24    1.79   0.63   -1.02   0.10   -0.38   0.04   179.64    1.24    176.84    3.38    154.82    3.66    1.99  0.31     3.73   0.75
NGC 6388        264.071777 -44.735500 345.556  -6.738   10.74   0.12    3.69   83.11  0.45    -1.33   0.01    -2.68   0.01   0.12   -2.23   0.12   -2.66   0.03   -1.26   0.01   -51.54    0.46     85.18    0.55    -16.94    0.57    1.11  0.02     3.78   0.09
NGC 6402        264.400391  -3.245917  21.324  14.805    9.31   0.44    4.06  -60.71  0.45    -3.66   0.01    -5.03   0.01   0.24   -0.28   0.40    3.27   0.15    2.38   0.11   -47.64    0.47    -25.80    0.52     23.42    0.53    0.63  0.18     4.36   0.19
NGC 6401        264.652500 -23.909500   3.451   3.980    7.70   0.00    0.83 -105.44  2.50    -2.79   0.03     1.48   0.03   0.11    0.43   0.77    0.46   0.05    0.53   0.05   101.37    2.52    237.15    1.13    114.78    1.18    0.60  0.37     2.08   0.63
NGC 6397        265.175385 -53.674335 338.165 -11.960    2.44   0.04    5.97   18.51  0.08     3.30   0.01   -17.60   0.01  -0.14    5.88   0.04   -0.89   0.01   -0.51   0.01    56.71    0.08    109.49    0.07   -128.57    0.07    2.63  0.03     6.23   0.02
Pal 6           265.925833 -26.222500   2.092   1.780    5.80   0.00    2.32  177.00  1.35    -9.17   0.06    -5.26   0.05   0.38    2.31   0.58    0.21   0.02    0.18   0.02  -192.90    1.35      3.55    1.53    151.67    1.64    0.40  0.10     3.64   0.68
NGC 6426        266.227708   3.170138  28.087  16.234   19.80   0.00   13.64 -210.51  0.51    -1.83   0.02    -2.98   0.02   0.41   -8.67   1.68    8.95   0.90    5.54   0.55    19.09    1.15   -134.90    1.82    -28.29    1.97    3.01  1.78    15.84   2.74
Djor 1          266.867916 -33.065555 356.675  -2.482    9.30   0.00    1.35 -359.18  1.64    -5.08   0.10    -8.31   0.08   0.06   -1.18   0.93   -0.54   0.05   -0.40   0.04   371.94    1.64   -155.87    3.68     25.49    4.05    0.98  0.34     6.80   4.05
Ter 5           267.020200 -24.779055   3.839   1.687    5.50   0.51    2.65  -81.97  0.85    -1.71   0.11    -4.64   0.10   0.36    2.61   0.51    0.37   0.03    0.16   0.02    61.46    0.87    120.50    2.76    -19.37    2.86    0.89  0.32     2.96   0.53
NGC 6440        267.219583 -20.360250   7.729   3.801    8.24   0.00    1.23  -69.39  0.93    -1.01   0.06    -3.81   0.06   0.52   -0.05   0.81    1.11   0.11    0.55   0.05    34.82    0.98     96.62    2.32    -39.64    2.38    0.29  0.08     1.46   0.26
NGC 6441        267.554413 -37.051445 353.532  -5.006   11.83   0.14    3.98   18.47  0.56    -2.51   0.03    -5.32   0.03   0.13   -3.61   0.14   -1.33   0.02   -1.03   0.01    10.26    0.60    -76.03    1.63    -24.54    1.65    1.00  0.08     3.91   0.13
Ter 6           267.693250 -31.275388 358.571  -2.162    6.70   0.00    1.44  137.15  1.70    -5.58   0.18    -6.91   0.16   0.19    1.41   0.67   -0.17   0.02   -0.25   0.03  -142.67    1.71    -30.19    5.18     42.17    5.63    0.24  0.09     1.65   0.69
NGC 6453        267.715423 -34.599166 355.717  -3.872   11.60   0.00    3.63  -99.23  1.24     0.14   0.03    -5.82   0.03   0.17   -3.44   1.15   -0.86   0.09   -0.78   0.08   119.30    1.24    -10.43    1.50   -154.78    1.53    1.35  0.74     4.10   1.30
UKS 1           268.613311 -24.145277   5.125   0.764    7.80   0.00    0.78   59.38  2.63    -2.59   0.52    -3.42   0.44   0.17    0.33   0.78    0.70   0.07    0.10   0.01   -84.06    3.00    100.67   16.88     26.56   18.67    0.26  0.22     1.03   0.29
VVV-CL 001       268.677083 -24.014722   5.267   0.780   15.00   0.00    6.98 -327.28  0.90    -1.98   0.50    -1.69   0.42   0.27   -6.84   1.49    1.38   0.14    0.20   0.02   299.56    3.00     48.12   31.41     63.96   34.15    1.58  0.48    16.59   3.38
NGC 6496        269.765350 -44.265945 348.027 -10.014    9.12   0.00    2.54 -134.72  0.26    -3.03   0.01    -9.23   0.01   0.08   -0.69   0.88   -1.86   0.19   -1.59   0.16   217.05    0.29   -121.98    0.55    -42.32    0.57    2.34  0.68     4.27   1.29
Ter 9           270.411666 -26.839722   3.603  -1.989    5.60   0.00    2.55   68.56  0.54    -2.36   0.08    -7.48   0.07   0.25    2.51   0.56    0.35   0.04   -0.19   0.02   -90.77    0.56     53.17    1.97    -38.69    2.10    0.48  0.19     2.71   0.63
Djor 2          270.454583 -27.825833   2.764  -2.508    8.75   0.00    0.85 -149.75  1.10     0.58   0.04    -3.05   0.03   0.13   -0.63   0.87    0.42   0.04   -0.38   0.04   137.24    1.10    146.74    1.48    -69.45    1.62    0.59  0.34     1.26   0.61
NGC 6517        270.460500  -8.958777  19.225   6.763   10.60   0.00    4.12  -35.06  1.65    -1.49   0.03    -4.23   0.03   0.31   -1.84   0.99    3.47   0.35    1.25   0.12   -55.56    1.62     32.41    1.44    -34.09    1.45    0.51  0.15     4.18   0.73
Ter 10          270.741666 -26.072500   4.417  -1.868   10.30   0.00    2.33  211.37  2.27    -6.91   0.17    -2.41   0.15   0.19   -2.16   1.03    0.79   0.08   -0.34   0.03  -250.09    2.36      1.18    7.77    236.12    8.18    1.32  0.62     6.71   2.85
NGC 6522        270.891750 -30.033972   1.025  -3.925    8.00   0.60    0.58  -15.23  0.49     2.62   0.03    -6.39   0.02   0.15    0.12   0.60    0.14   0.01   -0.55   0.04    15.22    0.49     88.89    0.96   -196.38    0.98    0.27  0.22     1.08   0.30
NGC 6535        270.960449  -0.297639  27.176  10.436    6.50   0.00    3.97 -214.85  0.46    -4.24   0.03    -2.92   0.02   0.06    2.41   0.57    2.92   0.29    1.18   0.12   124.64    0.54     24.71    0.71     40.93    0.78    0.97  0.21     4.50   0.20
NGC 6528        271.206833 -30.056277   1.138  -4.174    7.45   0.00    0.88  211.86  0.43    -2.17   0.06    -5.52   0.06   0.10    0.67   0.74    0.15   0.01   -0.54   0.05  -224.47    0.46     48.78    2.00    -35.68    2.08    0.41  0.13     1.71   0.93
NGC 6539        271.207000  -7.585861  20.795   6.776    7.85   0.66    3.03   35.19  0.50    -6.82   0.02    -3.48   0.02   0.17    0.81   0.61    2.77   0.23    0.93   0.08  -109.61    0.55     37.86    0.81    171.01    0.89    1.96  0.14     3.32   0.19
NGC 6540        271.535833 -27.765277   3.285  -3.313    5.20   0.00    2.95  -16.50  0.78    -3.80   0.05    -2.73   0.05   0.21    2.92   0.52    0.30   0.03   -0.30   0.03    -3.46    0.78    147.44    1.15     57.30    1.18    1.52  0.42     2.93   0.56
NGC 6544        271.835750 -24.997333   5.838  -2.204    2.60   0.27    5.52  -38.46  0.67    -2.34   0.04   -18.66   0.04   0.08    5.52   0.27    0.26   0.03   -0.10   0.01     8.57    0.67     34.09    0.50    -77.68    0.51    0.62  0.26     5.43   0.35
NGC 6541        272.009826 -43.714889 349.286 -11.188    7.95   0.37    2.16 -163.97  0.46     0.32   0.01    -8.85   0.01  -0.19    0.44   0.36   -1.45   0.07   -1.54   0.07   232.04    0.45      1.46    0.37   -119.82    0.39    1.76  0.18     3.61   0.14
2MASS-GC 01      272.090850 -19.829723  10.471   0.100    3.60   0.00    4.61  -35.58  0.35    -0.89   0.18    -2.26   0.16   0.23    4.56   0.35    0.65   0.07    0.01   0.00    16.42    0.61    205.41    2.76      1.77    2.93    3.28  0.30     4.85   0.29
ESO 280-SC06    272.275000 -46.423333 346.899 -12.571   20.60   0.00   13.14   93.20  0.34    -0.58   0.05    -2.76   0.04   0.28  -11.48   1.96   -4.56   0.46   -4.48   0.45   -24.58    1.16    -25.33    3.71    -79.94    4.28    1.75  1.01    13.76   2.23
NGC 6553        272.323333 -25.908694   5.253  -3.030    6.75   0.22    1.56   -1.41  0.58     0.30   0.02    -0.41   0.02   0.16    1.39   0.22    0.62   0.02   -0.36   0.01    -9.54    0.58    245.23    0.61     -7.49    0.62    1.26  0.22     2.32   0.19
2MASS-GC 02      272.402099 -20.778888   9.782  -0.615    7.10   0.00    1.64 -237.75 10.10    -1.97   0.16    -3.72   0.15   0.55    1.10   0.70    1.21   0.12   -0.08   0.01   199.15    9.89     72.30    5.30      7.18    5.39    0.50  0.28     2.41   0.60
NGC 6558        272.573333 -31.763888   0.199  -6.023    7.20   0.67    1.21 -195.12  0.73    -1.77   0.02    -4.14   0.02   0.07    0.94   0.67    0.02   0.00   -0.76   0.07   183.86    0.73     98.56    0.81     13.98    0.84    0.56  0.09     1.81   0.76
IC 1276         272.684166  -7.207611  21.832   5.669    5.39   0.51    3.74  155.06  0.69    -2.47   0.03    -4.41   0.03   0.15    3.12   0.47    1.99   0.19    0.53   0.05  -202.12    0.72    189.79    0.86     24.67    0.89    3.45  0.13     5.64   0.67
Ter 12          273.065833 -22.741944   8.358  -2.101    3.40   0.00    4.77   94.01  0.72    -6.07   0.06    -2.63   0.06   0.38    4.74   0.34    0.49   0.05   -0.12   0.01  -118.64    0.73    183.10    0.93     69.28    0.98    3.02  0.28     5.85   0.47
NGC 6569        273.411666 -31.826888   0.481  -6.681   10.59   0.80    2.71  -49.83  0.50    -4.13   0.02    -7.26   0.02   0.13   -2.42   0.79    0.09   0.01   -1.23   0.09    33.37    0.51   -167.37    0.84     25.87    0.84    1.88  0.92     2.97   0.89
BH 261          273.527500 -28.635000   3.362  -5.270    6.50   0.00    1.78  -31.87  3.83     3.59   0.03    -3.57   0.03   0.37    1.64   0.65    0.38   0.04   -0.60   0.06    31.65    3.80    204.78    0.94   -138.55    1.01    1.43  0.57     2.72   0.50
NGC 6584        274.656646 -52.215778 342.143 -16.414   13.18   0.00    6.66  260.64  1.58    -0.06   0.02    -7.22   0.02   0.15   -3.93   1.20   -3.88   0.39   -3.72   0.37   -74.44    1.54   -204.95    1.28   -234.56    1.31    2.18  1.22    20.34   9.04
Mercer 5        275.832500 -13.668611  17.594  -0.112    5.50   0.00    3.31  185.50  3.75    -4.22   0.35    -6.97   0.31   0.19    2.86   0.52    1.66   0.17   -0.01   0.00  -252.04    4.36    106.20    7.96     19.02    9.01    2.12  0.16     5.68   0.68
NGC 6624        275.918793 -30.361029   2.788  -7.913    7.40   0.22    1.33   54.79  0.40     0.11   0.02    -6.92   0.02   0.18    0.78   0.22    0.36   0.01   -1.02   0.03   -60.17    0.41     39.52    0.68   -112.57    0.69    0.37  0.12     1.49   0.08
NGC 6626        276.136708 -24.869778   7.798  -5.580    5.43   0.28    2.89   11.11  0.60    -0.33   0.02    -8.92   0.02  -0.32    2.75   0.28    0.73   0.04   -0.53   0.03   -40.81    0.60     46.54    0.47    -91.42    0.47    0.58  0.11     2.89   0.22
NGC 6638        277.733734 -25.497472   7.896  -7.153   10.32   0.00    2.79    8.63  2.00    -2.58   0.02    -4.05   0.02   0.38   -2.04   1.01    1.41   0.14   -1.29   0.13   -54.61    1.97     22.25    1.16     29.61    1.17    0.38  0.12     2.98   0.91
NGC 6637        277.846252 -32.348083   1.723 -10.269    8.80   0.00    1.68   47.48  1.00    -5.12   0.01    -5.81   0.01   0.38   -0.56   0.87    0.26   0.03   -1.57   0.16   -82.68    0.99    -56.71    0.47     84.54    0.49    0.69  0.57     2.03   0.35
NGC 6642        277.975416 -23.475194   9.815  -6.439    8.05   0.00    1.65  -60.61  1.35    -0.19   0.03    -3.88   0.03   0.13    0.22   0.79    1.36   0.14   -0.90   0.09    31.82    1.35    107.32    1.26    -45.88    1.29    0.33  0.12     2.03   0.24
NGC 6652        278.940124 -32.990722   1.534 -11.377   10.00   0.00    2.62  -95.37  0.86    -5.49   0.02    -4.21   0.02   0.01   -1.70   0.98    0.26   0.03   -1.97   0.20    44.77    0.86    -40.47    0.86    174.24    0.88    0.91  0.69     4.09   1.15
NGC 6656        279.099762 -23.904749   9.892  -7.552    3.23   0.08    4.99 -148.72  0.78     9.82   0.01    -5.54   0.01   0.28    4.95   0.08    0.55   0.01   -0.42   0.01   154.89    0.76    213.99    0.18   -144.13    0.16    2.95  0.05     9.48   0.03
Pal 8           280.374572 -19.825834  14.105  -6.797   12.80   0.00    5.45  -31.54  0.21    -2.04   0.01    -5.64   0.01   0.33   -4.23   1.23    3.10   0.31   -1.51   0.15   -64.14    0.29   -107.48    0.72    -30.10    0.77    2.44  1.26     5.58   1.10
NGC 6681        280.803162 -32.292110   2.853 -12.510    9.31   0.17    2.29  216.62  0.84     1.39   0.02    -4.72   0.02   0.29   -0.98   0.17    0.45   0.01   -2.02   0.04  -199.86    0.84     96.95    0.82   -177.94    0.84    0.85  0.07     4.93   0.24
NGC 6712        283.267916  -8.706111  25.354  -4.318    6.95   0.39    3.53 -107.45  0.29     3.32   0.01    -4.38   0.01   0.20    1.84   0.35    2.97   0.17   -0.52   0.03    62.82    0.30    129.40    0.32   -146.93    0.34    0.45  0.10     4.77   0.09
NGC 6715        283.763855 -30.479862   5.607 -14.087   24.13   0.40   16.45  143.13  0.43    -2.73   0.02    -1.38   0.02   0.20  -15.19   0.39    2.29   0.04   -5.87   0.10  -229.69    0.80      3.27    2.55    189.16    2.54   12.50  0.48    36.59   2.07
NGC 6717        283.775177 -22.701473  12.876 -10.900    7.10   0.00    2.43   30.25  0.90    -3.10   0.02    -4.96   0.02   0.52    1.30   0.68    1.55   0.16   -1.34   0.13   -88.04    0.90     69.38    0.84     25.19    0.84    0.84  0.14     2.68   0.21
NGC 6723        284.888123 -36.632248   0.069 -17.299    8.30   0.47    2.47  -94.39  0.26     1.00   0.01    -2.42   0.01   0.11    0.18   0.45    0.01   0.00   -2.47   0.14   100.15    0.30    177.60    0.56    -32.81    0.55    2.10  0.16     2.85   0.09
NGC 6749        286.313750   1.900833  36.201  -2.205    7.80   0.00    4.96  -58.44  0.96    -2.91   0.05    -6.05   0.05   0.25    1.81   0.63    4.60   0.46   -0.30   0.03  -110.43    1.40     17.21    1.69      2.68    1.98    1.58  0.25     5.06   0.23
NGC 6752        287.717102 -59.984554 336.493 -25.628    4.25   0.09    5.17  -26.01  0.12    -3.17   0.01    -4.01   0.01   0.14    4.59   0.07   -1.53   0.03   -1.84   0.04    27.52    0.17    169.91    0.23     62.01    0.22    3.23  0.07     5.37   0.03
NGC 6760        287.800041   1.030472  36.108  -3.924    7.95   0.50    5.00   -2.37  1.27    -1.11   0.02    -3.59   0.02   0.33    1.69   0.40    4.67   0.29   -0.54   0.03   -89.96    1.12    137.26    0.96    -17.15    0.78    1.87  0.11     5.68   0.19
NGC 6779        289.148193  30.183471  62.659   8.336    9.68   0.75    9.38 -136.97  0.45    -2.02   0.01     1.65   0.01   0.05    3.70   0.34    8.50   0.66    1.40   0.11    82.18    0.53    128.82    0.47    103.09    0.53    0.91  0.40    12.30   0.83
Ter 7           289.432983 -34.657722   3.387 -20.067   22.80   0.00   15.46  159.45  0.14    -2.99   0.02    -1.60   0.02   0.31  -13.28   2.14    1.27   0.13   -7.82   0.78  -260.69    0.88     -5.65    2.35    182.90    2.34   13.48  2.31    46.01  16.39
Pal 10          289.508728  18.571666  52.436   2.725    5.90   0.00    6.50  -31.70  0.23    -4.29   0.04    -7.00   0.04   0.06    4.51   0.36    4.67   0.47    0.28   0.03  -172.99    0.97     86.88    0.76     20.91    1.23    3.90  0.23     6.92   0.19
Arp 2           292.183807 -30.355638   8.545 -20.785   28.60   0.00   21.34  123.01  0.33    -2.38   0.03    -1.53   0.02   0.12  -18.34   2.64    3.97   0.40  -10.15   1.01  -251.65    1.33    -20.12    2.97    180.69    3.15   18.16  3.07    59.21  21.00
NGC 6809        294.998779 -30.964750   8.793 -23.272    5.30   0.20    3.97  174.70  0.17    -3.41   0.01    -9.27   0.01   0.19    3.29   0.18    0.74   0.03   -2.09   0.08  -210.15    0.17     31.90    0.17    -55.85    0.17    1.59  0.02     5.54   0.15
Ter 8           295.435028 -33.999474   5.759 -24.559   26.73   0.00   19.70  148.53  0.17    -2.44   0.02    -1.55   0.01  -0.25  -16.09   2.42    2.44   0.24  -11.11   1.11  -271.58    0.96     -1.88    1.46    161.22    1.97   16.79  2.81    57.16  23.72
Pal 11          296.310000  -8.007222  31.805 -15.576   14.30   0.00    8.97  -67.64  0.76    -1.79   0.03    -4.94   0.03   0.29   -3.61   1.17    7.26   0.73   -3.84   0.38  -133.67    1.34    -88.37    1.64    -11.17    2.07    5.30  1.98     9.09   1.19
NGC 6838        298.443726  18.779194  56.746  -4.564    3.99   0.20    6.80  -22.72  0.20    -3.41   0.01    -2.61   0.01   0.14    5.92   0.11    3.33   0.17   -0.32   0.02   -63.00    0.23    194.00    0.21     39.20    0.24    4.75  0.05     7.08   0.01
NGC 6864        301.519541 -21.921166  20.304 -25.747   21.61   0.00   15.39 -189.08  1.12    -0.58   0.02    -2.78   0.01   0.25  -10.16   1.83    6.75   0.68   -9.39   0.94    66.92    1.30    -83.26    1.46     49.40    1.58    1.80  1.02    17.51   2.53
NGC 6934        308.547393   7.404472  52.103 -18.893   15.40   1.05   12.56 -406.22  0.73    -2.66   0.02    -4.66   0.01   0.26   -0.85   0.61   11.50   0.79   -4.99   0.34   -80.60    1.00   -295.54    0.90    123.47    1.09    2.67  1.02    39.89   8.93
NGC 6981        313.365417 -12.537305  35.162 -32.683   17.00   0.00   12.85 -331.39  1.47    -1.29   0.02    -3.32   0.02   0.41   -3.60   1.17    8.24   0.82   -9.18   0.92    58.83    1.51   -147.30    1.37    173.19    1.55    1.20  0.63    23.53   4.08
NGC 7006        315.372416  16.187333  63.769 -19.407   40.10   0.00   37.45 -383.47  0.73    -0.08   0.03    -0.63   0.04   0.12   -8.62   1.67   33.93   3.39  -13.32   1.33    62.80    6.33   -136.92    4.02     77.69    6.55    2.45  0.98    50.92   5.37
Lae 3           316.729380  14.984400  63.598 -21.176   61.40   0.00   58.51  -70.30  0.82     0.65   0.15    -1.20   0.14   0.02  -17.36   2.55   51.28   5.13  -22.18   2.22   -66.73   38.96      4.93   23.16   -306.10   40.04   46.97 10.05   237.65 163.71
NGC 7078        322.493042  12.167001  65.013 -27.313   10.22   0.13   10.39 -106.84  0.30    -0.63   0.01    -3.80   0.01  -0.10    4.26   0.05    8.23   0.10   -4.69   0.06   -98.98    0.54     59.20    0.41    -26.84    0.52    3.57  0.07    10.40   0.09
NGC 7089        323.362579  -0.823250  53.371 -35.770   10.51   0.37    9.68   -3.78  0.30     3.50   0.01    -2.16   0.01   0.11    3.01   0.18    6.84   0.24   -6.14   0.22    67.40    0.45    157.44    0.41   -156.90    0.43    0.56  0.11    16.93   0.61
NGC 7099        325.092133 -23.179861  27.179 -46.835    8.00   0.57    7.12 -185.19  0.17    -0.73   0.01    -7.24   0.01   0.53    3.23   0.35    2.50   0.18   -5.84   0.42     7.77    0.43    -63.29    0.49    110.23    0.38    1.49  0.05     8.17   0.48
Pal 12          326.661804 -21.252611  30.510 -47.682   19.00   0.00   15.75   27.91  0.28    -3.28   0.03    -3.31   0.03   0.33   -2.92   1.10    6.49   0.65  -14.05   1.40  -339.19    2.24     12.40    2.48    116.00    1.85   15.31  1.75    62.02  27.80
Pal 13          346.685166  12.772000  87.104 -42.700   24.80   0.00   25.80   25.30  0.22     1.64   0.09     0.25   0.07   0.04    7.18   0.09   18.20   1.82  -16.82   1.68   168.89   10.18    227.30    6.09    -66.90    6.71    8.99  1.67    66.80  10.33
NGC 7492        347.110958 -15.611500  53.386 -63.477   26.55   0.00   25.61 -176.70  0.27     0.76   0.03    -2.30   0.02   0.10    1.03   0.71    9.52   0.95  -23.76   2.38    -5.14    3.54    -95.43    3.02     63.68    1.65    4.91  2.98    28.94   3.57
